0
0
0.00721739
0.00231299
0
0
0.00742917
0.00260017
0
0
0.00771464
0.00306989
0
0
0.00798287
0.00283979
0.000167061
0.000208246
0.0084241
0.00315879
0.00775346
0.0108052
0.00878714
0.00285048
0.000300958
0.00040976
0.00974009
0.00352873
0.000649353
0.000436567
0.0102471
0.00417869
0.000901026
0.000450277
0.0105638
0.00435003
0.000375094
0.000754099
0.0103735
0.00404069
0.000526893
0.000746906
0.0103503
0.00420869
0.00143114
0.00223298
0.0113158
0.00528698
0.00124282
0.00189225
0.0112231
0.00515911
0.00186185
0.00211024
0.0106834
0.00483786
0.00138573
0.00183597
0.0109701
0.00262788
0.00102149
0.000855955
0.0105631
0.00317345
0.00135118
0.000675656
0.0108325
0.00406817
0.00132704
0.00121551
0.010665
0.00332429
0.000849873
0.00168483
0.0107522
0.00285925
0.000747877
0.00102306
0.0105729
0.00368301
0.000878466
0.00115781
0.010754
0.00471027
0.00065567
0.00144451
0.0102178
0.0040178
0.000397216
0.00110682
0.00996041
0.00374189
0.000727349
0.00123027
0.00953174
0.00390106
0.000653673
0.000794942
0.0099447
0.00368787
0.0012538
0.00139543
0.0095514
0.00342584
0.00115047
0.00155953
0.00909306
0.00348358
0.000459629
0.00116781
0.00929135
0.00428418
0.0010648
0.00105739
0.00942579
0.00370929
0.00157651
0.00114225
0.0094414
0.00375176
0.000801653
0.00126223
0.0092152
0.00396682
0.00152563
0.00102595
0.00993683
0.00417316
0.00135815
0.00108023
0.00977935
0.00459236
0.000793596
0.00092117
0.00937117
0.00394514
0.000910187
0.000724904
0.00989265
0.00407201
0.00119014
0.00107547
0.00995522
0.00448635
0.000153474
0.00129499
0.0101175
0.00422174
0.000316573
0.00130636
0.0102549
0.00436635
0.000216502
0.00144322
0.00992036
0.00403552
0.000899607
0.00119943
0.00930528
0.00408037
0.0015535
0.00194238
0.009564
0.00509334
0.00125604
0.00186162
0.00936218
0.00416434
0.00148432
0.00233453
0.00934882
0.00463053
0.000770668
0.00148254
0.00964997
0.00415475
0.00136581
0.00237025
0.00942114
0.0049642
0.000722346
0.00166473
0.00960775
0.00429612
0.00100254
0.00181929
0.00941681
0.00421788
0.0015556
0.00165587
0.00959371
0.00443028
0.000568673
0.00241041
0.0105771
0.00443921
0.00249138
0.000816961
0.010277
0.00364817
0.00259403
0.00114446
0.0104397
0.00416088
0.000902071
0.00243006
0.0101548
0.00488437
0.00112892
0.00254276
0.00988307
0.00488966
0.00271849
0.000765021
0.0104315
0.00370177
0.00101938
0.00180136
0.0106559
0.0037613
0.000377343
0.00255249
0.0100414
0.00373311
0.00124662
0.00174894
0.0108248
0.0037654
0.000834173
0.00283384
0.0107746
0.0045606
0.000987995
0.00282366
0.0108254
0.00503019
0.00160146
0.00229518
0.0110538
0.00455714
0.00108414
0.00348923
0.0108909
0.0043127
0.00128239
0.0026073
0.0104583
0.0038326
0.00176397
0.00272416
0.0110862
0.00385276
0.00172296
0.00314711
0.010725
0.00378024
0.00223152
0.00278232
0.0109404
0.00439985
0.00197247
0.00310223
0.0100583
0.00364555
0.00175208
0.00307912
0.0105002
0.00456117
0.00156539
0.00300957
0.0106261
0.00430469
0.000619196
0.00402651
0.010261
0.00418789
0.000675196
0.00385839
0.00992133
0.0044855
0.00155223
0.00338058
0.0103447
0.004616
0.0016732
0.00336152
0.0101189
0.00311429
0.0040102
0.0018051
0.010893
0.00376904
0.00195164
0.00326695
0.0101721
0.00381397
0.00414636
0.00165945
0.011628
0.00420529
0.00331537
0.00244005
0.0117446
0.00439632
0.00213143
0.00340899
0.0119751
0.00462372
0.00378854
0.00215043
0.0125454
0.00418833
0.00213725
0.00350882
0.0125631
0.0042567
0.00199395
0.00554427
0.0116953
0.00493305
