0.00677428
0.00285803
0.000591658
0.00174265
0.000693208
0.00102426
0.000862792
0.000458905
0.000158965
0.000760688
0.000631498
0.00136489
0.000478624
0.000979724
0.000989711
0.000791908
0.000476747
0.000569776
0.000315981
0.000971724
0.000323119
0.000733475
0.000187576
0.000538103
0.000297729
0.00012608
0.000162125
0.00060699
0.000156359
0.000378937
7.6237e-05
0.000136108
2.20603e-05
0.000534207
0.000490285
0.000864584
0.000585669
0.00257232
0.00103829
0.00248963
0.000193904
0.000696571
0.000429724
0.000281307
0.00026235
0.000271641
9.63079e-05
0.000141783
0.000364803
0.000149516
0.000318926
0.000305962
0.000298168
0.000557513
0.000162349
0.000270586
0.00010588
0.000512883
0.000373469
0.000677925
0.00133707
0.00157075
0.000716988
0.00143454
0.000448239
0.000215952
0.000548869
0.000565242
0.000168621
0.000403492
0.000673411
0.000114668
0.000524987
0.00106276
0.000357697
0.000262607
0.000111131
0.00019208
0.000754333
0.000363139
0.00042994
0.000500138
6.42449e-05
0.00010791
0.00027784
0.00117684
0.000435242
0.000246529
0.00062578
0.001103
0.000241498
0.000481482
0.000193505
0.000364223
0.000182459
0.00020511
0.000160904
0.000173919
0.000169388
9.89803e-05
0.000269927
0.000428061
0.000126487
0.000609806
0.000188022
0.000920731
0.000100064
0.000360659
7.66353e-05
0.000434735
0.000134056
0.000380164
0.000199462
0.000256586
0.000225372
0.000663651
0.000764155
0.000834715
0.00018094
0.00148626
0.000258116
0.000607512
0.000116077
0.000929796
0.000165884
0.000831368
0.000175781
0.000451006
0.000217608
0.00051231
0.000173665
0.000829577
0.000453864
0.000381416
0.0011329
0.00263521
0.000508422
0.00225771
0.00037736
0.00200383
0.000173316
0.000603138
0.000407563
0.000788314
0.0022006
0.00116057
0.00123823
0.00252502
0.000204227
0.000761678
0.000225836
0.000518375
0.000897815
0.00135893
0.00065238
0.000267819
0.000352699
0.000399375
0.000217391
0.000992237
0.000296613
0.000714266
