0.00721739
0.00231299
0.000216824
0.00043722
0.000303079
0.000603727
0.000291959
0.000563348
0.000449677
0.000496944
0.000407766
0.000486982
0.00159431
0.0010238
0.00015757
0.00088569
0.000274795
0.000216025
0.000106419
0.00107103
0.000416104
0.000337864
0.000157787
0.000764996
0.000185197
0.000454743
0.000381544
0.000692525
0.000176859
0.000525529
0.000129952
0.000848597
0.000170864
0.000293584
0.000352997
0.000695153
0.000237994
0.000896588
0.00012414
0.000664931
0.000406463
0.000770779
0.00024839
0.00036205
0.000173324
0.000634306
0.000402417
0.000329735
0.000467768
0.000995622
0.000246121
0.000391139
0.000303138
0.000453121
7.4692e-05
0.000349408
7.22605e-05
0.000267368
0.000100867
0.000357877
0.000120435
5.36847e-05
0.000418801
0.00073543
0.000131181
0.000306617
0.000377285
0.000826391
8.51516e-05
0.000193066
0.000205579
0.000534801
0.00016821
0.000621863
0.000415007
0.000384209
0.000284537
0.00107475
0.000606949
0.000710855
0.000401726
0.000587658
0.000626491
0.000955034
0.000456612
0.00138232
0.000268672
0.000516718
0.000414069
0.00062026
0.000209544
0.000499098
0.000262327
0.000603163
0.000180177
0.00070085
0.000239791
0.000238241
0.000511715
0.000568882
0.000302692
0.000305711
0.00028398
0.000600268
0.000393035
0.000352461
0.000438553
0.000817762
0.000191683
0.000815501
0.000922017
0.00101746
0.000643873
0.000596302
0.000449534
0.00107
0.000196307
0.000151953
0.000381158
0.000991051
0.000168482
0.00072781
0.000426807
0.000686302
0.000596438
0.000647557
0.000309882
0.000561016
0.000136299
0.000555344
0.0010651
0.00110244
0.000402311
0.000632521
0.000126778
0.000307392
0.000602884
0.000625349
0.000380789
0.000367799
0.000178784
0.000229843
0.000676862
0.00116713
0.000115862
0.000647765
0.00055748
0.000959973
0.000225057
0.000484848
0.000290828
0.00073482
0.000671583
0.000844595
0.000419531
0.0012245
0.000227385
0.00118235
0.000958069
0.00148942
