0.0
0.0
0.0
0.0
0.0
0.0
0.0
0.0
0.0
0.0
0.0
0.0
0.00249921
0.00123338
0.00300072
0.00208324
0.003176
0.00239212
0.00304091
0.00326182
0.00341478
0.00383339
0.00422485
0.00433094
0.00396481
0.00508792
0.00389072
0.00558112
0.00467821
0.00361833
0.00373305
0.0053945
0.00404678
0.00622619
0.00437552
0.00669395
0.00469449
0.0056782
0.00434149
0.00668605
0.00393118
0.00736844
0.00387744
0.00725243
0.00376054
0.00747991
0.00362004
0.00801747
0.00403502
0.00735267
0.00395502
0.00769101
0.00370951
0.00783115
0.00370611
0.00757223
0.00413856
0.00715025
0.00435716
0.00668277
0.00383091
0.00692583
0.00438684
0.00621447
0.00401955
0.00645547
0.00368457
0.00688744
0.00419794
0.00701616
0.00425281
0.00772854
0.00484659
0.00810783
0.00537909
0.00855127
0.00536048
0.0089048
0.00515396
0.00906629
0.00556331
0.0102046
0.00604021
0.0109716
0.00641965
0.0116165
0.00740119
0.0113524
0.00729726
0.0125489
0.00799435
0.0125269
0.00820512
0.0125313
0.0087558
0.0122389
0.00916434
0.0140782
0.00992536
0.0124198
0.0103011
0.0127544
0.00971106
0.0145141
0.00967674
0.0150087
0.0112204
0.0136746
0.0110121
0.0152808
0.0109829
0.0166362
0.0115427
0.0163112
0.0114951
0.0179176
0.0118354
0.0180679
0.0127827
0.0179921
0.0123741
0.019846
0.0127882
0.0193875
0.0129924
0.0195382
0.0129016
0.0202618
0.0132259
0.0198222
0.0131996
0.0205535
0.0131558
0.0208658
0.0132477
0.0209424
0.0131474
0.022084
0.0132523
0.0223228
0.0138567
0.0221165
0.0144016
0.0223115
0.0156656
0.0210882
0.0148393
0.0230644
0.0164908
0.0217522
0.016661
0.0229433
0.0171994
0.0249519
0.0185396
0.0243904
0.0182735
0.0265431
0.0176448
0.0290721
