0.0125756
0.00621679
0.000833123
0.00055815
0.000477019
0.000408041
0.000183422
0.000247396
0.000553234
0.000510974
7.76239e-05
0.000304571
0.000199046
0.000294963
0.000174748
0.000289935
7.73592e-05
0.000244909
4.66985e-05
0.000104587
0.000124328
0.000152494
0.000569752
0.00163235
0.000710362
0.00140375
0.000295851
0.00120524
0.000352029
0.000426918
0.00017495
0.000453471
0.000210942
0.00011862
0.000225092
0.000339079
0.000539418
0.00069256
0.000244875
0.000407098
0.000179987
0.000413588
0.000597053
0.000841989
0.000274755
0.0002356
0.000147977
0.00015234
0.000342927
0.000377325
0.000127138
0.000224346
0.000266764
0.00051143
6.10983e-05
0.000256149
0.000207007
0.000170493
0.000236866
0.000351741
0.000177751
0.000226971
0.000220128
0.000189535
0.00055837
9.67957e-05
0.000245954
0.000289789
0.000129857
0.000656966
0.000423808
0.00017434
0.000207276
0.000377348
0.000284224
0.000377543
0.000357962
0.00199124
0.000544751
0.00199274
0.000526075
0.00144031
0.000680574
0.000743664
0.000361168
0.000251783
0.000175604
0.000678366
0.000482576
0.000878802
0.000253726
0.000561452
0.000290817
0.000878638
8.20462e-05
0.000792536
0.00012698
0.000517616
0.000142618
0.000591584
6.61395e-05
0.000742856
8.77025e-05
0.000561446
0.00162567
0.000266451
0.00108111
0.0017655
0.00205232
0.00158949
0.00381011
0.00221607
0.00150147
0.00207808
0.000276119
0.000271798
0.00117928
0.000923171
0.00116479
0.000949988
0.00124731
0.00115059
0.000477228
0.000724033
0.00037829
0.000505332
0.000377356
0.000224771
0.000129707
0.000356549
0.000166508
0.000343008
0.000622481
0.000943356
0.00024554
0.000494754
0.000337704
0.000873721
0.000440947
0.000656701
0.000584179
0.00130795
0.00030863
0.000459434
0.000236184
0.00079364
0.000704311
0.000555493
0.000525185
0.000647229
0.000899839
0.000883858
0.000322795
0.000489315
0.000661532
0.000900808
0.000134261
0.000417025
0.0028633
0.00067574
0.00125105
0.000500695
