0.00721739
0.00231299
0.000216824
0.00043722
0.000174295
0.000508971
0.00138232
0.00120435
0.00045101
0.000515996
0.00778579
0.0100085
0.00692047
0.0102083
0.000314337
0.000772082
0.000657972
0.000401049
0.000196654
0.000640674
0.000306919
8.91625e-05
0.000356281
0.000398182
0.00034754
0.000252125
0.000349376
0.000428922
0.000163347
0.000236163
0.000202382
0.000562725
0.000141877
0.000228153
0.000263381
0.000638383
0.000255524
0.000864372
0.000112412
0.000744299
0.000191157
0.000623438
0.000187587
0.000386783
0.000133974
0.000602632
0.000268103
0.000267062
0.00040913
0.000963598
0.000243759
0.00039384
0.000249779
0.000370466
0.000110329
0.000348483
5.04438e-05
0.000182626
0.000121235
0.000261062
7.09826e-05
8.51738e-05
0.000365911
0.000628452
7.75273e-05
0.000254897
0.00030313
0.00078152
0.000152212
5.24589e-05
0.000106812
0.000484225
0.000100062
0.000489673
0.000241957
0.000401187
0.000119045
0.000849113
0.000422939
0.000716697
0.000268425
0.000895857
0.000458665
0.000869576
0.000306838
0.00130018
0.000168757
0.000458982
0.000312317
0.000563929
0.000122615
0.000416732
0.000183722
0.000578268
8.07289e-05
0.000638727
0.000379279
0.000243504
0.000355118
0.000522869
0.000225811
0.000221652
0.000170723
0.000574823
0.000260253
0.000254837
0.000239031
0.000469016
0.000178973
0.000705967
0.000706666
0.00084329
0.000692624
0.000609757
0.000313269
0.000898663
0.000131653
2.66681e-05
0.000374665
0.000762543
0.000161353
0.00055852
0.000370476
0.000531222
0.000413317
0.00051856
0.000325056
0.000480821
0.000181381
0.000510244
0.000673134
0.000632691
0.000258628
0.000582783
0.000220811
0.000313158
0.000557194
0.00054316
0.000212504
0.000261137
0.00019038
8.37556e-05
0.000548256
0.0010393
0.000124669
0.000416996
0.000357984
0.00079146
0.000417807
0.000258299
0.000237164
0.000625816
0.000284025
0.00039259
0.000311178
0.000965311
0.000338231
0.000735249
0.000698427
0.00125293
