0
0
0
0
0.000140539
0.000167579
0.00178373
0.000915629
0.00181176
0.00103653
0.00557303
0.0106534
0.00232547
0.00137893
0.00252851
0.00168626
0.00225929
0.00153907
0.00188864
0.00184417
0.00213429
0.0021188
0.00278461
0.00241175
0.00227684
0.00243682
0.00234876
0.00302199
0.00304708
0.00124282
0.00172892
0.00282877
0.00187382
0.00342118
0.00214222
0.00365339
0.00277216
0.00267536
0.0022427
0.00326592
0.00199242
0.00381859
0.00201269
0.00358088
0.00186132
0.00386086
0.00151917
0.00433819
0.00243847
0.00373196
0.0023968
0.0039018
0.00216806
0.0038974
0.00206865
0.00378431
0.00264272
0.00337765
0.00308282
0.00301063
0.00225036
0.0033075
0.0029962
0.00281228
0.00250229
0.00322613
0.00177692
0.00360236
0.00196827
0.0037994
0.00155063
0.0043589
0.00217477
0.00446356
0.00243196
0.00474743
0.00237804
0.00479278
0.00186181
0.00500418
0.00182026
0.00642093
0.0020296
0.00679426
0.00216713
0.00729269
0.00352938
0.00694228
0.00311319
0.00803614
0.0038702
0.00796071
0.00425097
0.00784495
0.00493819
0.00752728
0.00468277
0.00924404
0.00618031
0.00756009
0.00646001
0.00779215
0.00503609
0.00948777
0.00480183
0.0100125
0.00697499
0.00853024
0.00609234
0.0100777
0.00549195
0.0112156
0.0065256
0.0108269
0.00585909
0.0122055
0.00629219
0.0123378
0.00752201
0.0119956
0.00655181
0.0136916
0.00745645
0.0131285
0.00784562
0.0133203
0.00778949
0.013963
0.00838126
0.0135173
0.00800023
0.0139371
0.00803671
0.0144122
0.00796821
0.0144474
0.00737824
0.0154634
0.00747576
0.0154858
0.00825237
0.0153372
0.00870848
0.0154732
0.0106026
0.0143305
0.0088378
0.0162093
0.010975
0.0150095
0.0107364
0.0160628
0.0102468
0.0175549
0.012024
0.0167492
0.0111015
0.0184444
0.00958028
0.0205409
