0.00721739
0.00231299
0.000216824
0.00043722
0.000303079
0.000603727
0.000291959
0.000563348
0.0003087
0.000494049
0.00828906
0.010649
0.00706587
0.0103451
0.000175563
0.000659276
0.000124203
0.000364573
0.000404105
0.0011706
0.000196332
0.000306853
0.000336065
0.000279731
0.00037298
0.000274699
0.000408837
0.000364475
0.000170032
0.000392341
0.000108116
0.000418316
5.74091e-05
0.000156758
0.000253401
0.00054863
0.000216395
0.00095138
0.000293481
0.000880428
0.00021524
0.000604289
0.000354139
0.000399946
9.11998e-05
0.000702803
0.00026592
0.000235915
0.000345922
0.000918295
0.000167022
0.000486418
0.000268379
0.000278676
0.000132138
0.000284096
7.44012e-05
0.000106864
9.00805e-05
0.000280066
2.06343e-05
0.000140998
0.000407894
0.000695275
1.64323e-05
0.00029713
0.000200418
0.000786221
8.05771e-05
6.68063e-05
0.000140034
0.000401043
9.87578e-05
0.000380017
0.000116216
0.000553371
5.944e-05
0.000719971
0.000192656
0.000507517
6.28681e-05
0.000428929
0.000293584
0.00085893
0.000150849
0.00103673
7.9548e-05
0.000543089
0.000136681
0.00028117
0.00018113
0.000202115
7.04957e-05
0.000628952
0.000105791
0.000580538
0.000542879
0.00035082
0.000148495
0.000434939
7.31108e-05
0.000115248
8.1063e-05
0.000333089
8.13426e-05
0.000354978
1.99143e-05
0.000219873
0.000208611
0.000508267
0.000608643
0.000685986
0.000815236
0.000828988
0.000150071
0.000540185
2.73672e-05
0.000370179
0.000239807
0.000497371
4.98019e-05
0.000245999
0.000298435
0.00033085
0.00045231
0.000485011
0.000157494
0.000181166
0.000188444
0.000366415
0.000563305
0.000594036
0.000365948
0.000514931
0.000405498
0.000254948
0.000490501
0.000579813
8.12806e-05
0.000157013
0.000332766
0.000322245
0.000336721
0.000817702
0.000416854
0.000571162
0.000105952
0.000399706
0.000712093
0.000340128
0.00030811
0.000271398
0.000307328
0.000409834
3.83237e-05
0.000559585
0.000293863
0.000357171
0.000585778
0.000566277
